区间DP
jdoj 1089 2790 1364 1090 1091 1093 1096 1088 1092
poj 1505 1651 2955 3186 3042 3280 3356 1390
bzoj 1742 1055 1090 1261 4350 2933 1068 1996 1260


树形DP
jdoj 2713 2141 2140 1333 1564 1549 1018 1019 1020 1021 1017 1022 1023 1024 1590
poj 3342 1463 2342 3345 1947 1155 2486 1655 3107 1935 3140 3659 2378 4045 3398
bzoj 1040 1827 3037 1596 1864 1131 1017 1060 2657 2435 2427 3004 4033 1123 4013 3696 2815 1369 3522 1912 3573 2097 3727 4027 4203 2286 3572


状压DP
jdoj 1098 1099 1100 1102 1106 1104 1666 1667 1668 2171 1105 1103
poj 3254 1185 3311 2404 2411 1038 2923 2288 3229
bzoj 1725 1231 1688 1087 2734 1072 2064 3195 1097 1226 2004 4145 1494 3812 2669 2595 2073 1556


数位DP
poj 2282 3252 3286 3208 3986
bzoj 1026 1833 3208 3209 3329 4029


期望概率DP
poj 2096 3071 2151 3557 3744 1322 2537 1644 2238 3028 3156 3756 3682
bzoj 1419 2134 3029 4008 4318 3450 1076 3566 1778 3270 2337 3143 1415 3925

